INIMIGO 1 2000 96 10
INIMIGO 1 2500 144 10
INIMIGO 1 3000 96 10
INIMIGO 1 3500 384 10
INIMIGO 1 4000 240 10
INIMIGO 1 4500 144 10
INIMIGO 1 5000 384 10
INIMIGO 1 5500 96 10
INIMIGO 1 6000 288 10
INIMIGO 1 6500 240 10
INIMIGO 1 6500 144 10
INIMIGO 2 7000 96 -20
INIMIGO 1 7500 384 10
INIMIGO 1 8000 288 10
INIMIGO 1 8500 240 10
INIMIGO 1 9000 144 10
INIMIGO 2 9500 240 10
INIMIGO 1 10000 288 10
INIMIGO 1 10500 384 10
CHEFE 2 200 11000 240 -600
INIMIGO 1 11500 144 10
INIMIGO 2 12000 96 10
INIMIGO 1 12500 288 10
INIMIGO 1 13000 384 10
INIMIGO 1 13500 144 10
INIMIGO 2 14000 384 10
INIMIGO 1 14500 288 10
INIMIGO 1 15000 384 10
INIMIGO 1 15500 144 10
INIMIGO 2 16000 240 10
INIMIGO 1 16500 288 10
INIMIGO 1 17000 384 10
INIMIGO 1 17500 144 10
INIMIGO 2 18000 96 10
INIMIGO 1 18500 288 10
INIMIGO 1 19000 384 10