INIMIGO 1 2000 96 10
INIMIGO 1 2500 144 10
INIMIGO 1 3000 96 10
INIMIGO 1 3500 384 10
INIMIGO 1 4000 240 10
INIMIGO 1 4500 144 10
INIMIGO 1 5000 384 10
INIMIGO 1 5500 96 10
INIMIGO 1 6000 288 10
INIMIGO 1 6500 240 10
INIMIGO 1 6500 144 10
INIMIGO 2 7000 96 -20
INIMIGO 1 7500 384 10
INIMIGO 1 8000 288 10
INIMIGO 1 8500 240 10
INIMIGO 1 9000 144 10
INIMIGO 2 9500 96 10
INIMIGO 1 10000 288 10
INIMIGO 1 10500 384 10
INIMIGO 1 11000 96 10
INIMIGO 1 11500 288 10
INIMIGO 1 12000 240 10
INIMIGO 1 12500 144 10
INIMIGO 2 13000 96 -20
INIMIGO 1 13500 384 10
INIMIGO 1 14000 288 10
INIMIGO 1 14500 240 10
INIMIGO 1 15000 144 10
INIMIGO 2 15500 96 10
INIMIGO 1 16000 288 10
INIMIGO 1 16500 384 10
INIMIGO 1 17000 96 10
INIMIGO 1 17500 288 10
INIMIGO 1 18000 240 10
INIMIGO 1 18500 144 10
INIMIGO 2 19000 96 10
INIMIGO 1 19500 384 10
INIMIGO 1 20000 288 10
INIMIGO 1 20500 240 10
INIMIGO 1 21000 144 10
INIMIGO 2 21500 96 10
CHEFE 1 300 22000 240 -600